7.136520
8.627614
10.111935
11.561878
12.978451
14.355780
14.458442
14.580906
14.723848
14.887806
15.072634
15.264448
15.494367
15.725142
15.938950
16.123810
16.294346
16.428224
16.525402
16.580912
16.631590
16.656180
16.624160
16.592464
16.563929
16.552198
16.549545
16.564005
16.595879
16.636134
16.664498
16.710045
16.775155
16.848837
16.925218
16.993195
17.046454
17.110333
17.185503
17.266501
17.336514
17.389801
17.440107
17.493380
17.546440
17.607502
17.678441
17.741112
17.805348
17.865367
17.934269
18.007943
18.075777
18.137820
18.196507
18.248915
18.300360
18.345729
18.375179
18.415840
18.460047
18.504526
18.546109
18.587716
18.637281
18.686734
18.733074
18.779163
18.853260
18.931733
19.048483
19.226302
19.443745
19.681166
19.906927
20.121336
20.344555
20.575204
20.792413
21.000654
21.176818
21.326215
21.477923
21.638371
21.823009
22.018707
22.163038
22.214813
22.210950
22.209411
22.192146
22.125168
21.951166
21.737638
21.500252
21.251800
21.049208
20.925977
20.839397
20.753875
20.647783
20.569594
20.571131
20.598126
20.645243
20.711610
20.764379
20.811677
20.853622
20.879525
20.934363
20.994120
21.053768
21.114210
21.170178
21.224750
21.279152
21.330455
21.378211
21.438618
21.503963
21.577827
21.663891
21.743495
21.841383
21.963758
22.084295
22.162218
22.208588
22.253910
22.262633
22.206998
22.143667
22.087424
22.002025
21.900677
21.810600
21.759875
21.725767
21.671051
21.649697
21.676246
21.686371
21.695028
21.720874
21.754000
21.808062
21.868994
21.932727
22.000648
22.045593
22.075379
22.100382
22.112889
22.121620
22.119313
22.081770
22.041837
22.018579
21.998657
21.989922
21.986825
21.986585
21.989330
22.006954
22.017652
22.047258
22.076602
22.106170
22.144142
22.190962
22.243626
22.321667
22.391991
22.441308
22.490150
22.535211
22.573140
22.601252
22.619845
22.632209
22.638638
22.618706
22.604593
22.593653
22.588330
22.585844
22.591415
22.596927
22.599571
22.596869
22.588620
22.582807
22.582399
22.582044
22.584517
22.584393
22.584589
22.585145
22.591268
22.600451
22.617806
22.637910
22.655632
22.690185
22.725630
22.761296
22.785885
22.812699
22.830670
22.847960
22.861791
22.866585
22.867854
22.847585
22.821906
22.804473
22.795165
22.777800
22.768491
22.759648
22.751250
22.740059
22.728860
22.722825
22.719193
22.718791
22.721604
22.724506
22.724868
22.719785
22.714902
22.717850
22.720515
22.720059
22.721958
22.733018
22.728240
22.714756
22.709265
22.711934
22.720270
22.728737
22.720443
22.719924
22.716503
22.694547
22.683205
22.681806
22.669103
22.642423
22.610411
22.581637
22.571714
22.556663
22.547737
22.542200
22.542742
22.549409
22.570486
22.583151
22.603637
22.637874
22.678115
22.715863
22.745593
22.775103
22.793175
22.827269
22.862287
22.887792
22.895604
22.892259
22.883558
22.882976
22.887882
22.909530
22.919956
22.920850
22.943522
23.028183
23.139181
23.226531
23.288686
23.324310
23.363327
23.398768
23.461776
23.514406
23.511103
23.447596
23.354527
23.217966
23.088572
22.963575
22.825303
22.667853
22.501257
22.343409
22.221885
22.204392
22.257373
22.413786
22.579697
22.727467
22.837982
22.927451
23.002724
23.012425
22.988547
22.870227
22.673615
22.418152
22.150684
21.903581
21.690023
21.472020
21.264541
21.112752
20.987737
20.892846
20.816437
20.754860
20.696228
20.642845
20.583830
20.541938
20.507039
20.460477
20.420308
20.419388
20.506112
20.723024
21.019592
21.384453
21.779233
22.189566
22.573496
22.891166
23.104159
23.205563
23.200181
23.035062
22.774235
22.427391
22.009057
21.528617
21.031228
20.581928
20.233100
19.919746
19.604501
19.314305
19.091444
18.901271
18.757999
18.684774
18.608030
18.506858
18.349091
18.177049
18.015070
17.878674
17.736817
17.664853
17.617243
17.562300
17.555907
17.604526
17.681595
17.779106
17.875498
17.922430
17.941928
17.892497
17.817229
17.729586
17.618843
17.494560
17.364928
17.230646
17.108477
17.027964
16.954661
16.883393
16.832490
16.779414
16.745502
16.714429
16.691449
16.675947
16.648717
16.596215
16.535086
16.464981
16.391780
14.791598
13.133872
11.436509
9.718207
7.995707
6.293731
4.633528
3.019848
1.474639
0.000000
0.000000
0.000000
0.000000
0.000000
0.000000
0.000000
0.000000
0.000000
0.000000
0.000000
0.000000
0.000000
0.000000
0.000000
0.000000
0.000000
0.000000
0.000000
0.000000
0.000000
0.000000
0.000000
0.000000
0.000000
0.000000
0.000000
0.000000
0.000000
0.000000
0.000000
0.000000
0.000000
0.000000
0.000000
0.000000
0.000000
0.000000
0.000000
0.000000
0.000000
0.000000
0.000000
0.000000
0.000000
0.000000
0.000000
0.000000
0.000000
0.000000
0.000000
0.000000
0.000000
0.000000
0.000000
0.000000
0.000000
0.000000
0.000000
0.000000
0.000000
0.000000
0.000000
0.000000
0.000000
0.000000
0.000000
0.000000
0.000000
0.000000
0.000000
0.000000
0.000000
0.000000
0.000000
0.000000
0.000000
0.000000
0.000000
0.000000
0.000000
0.000000
0.000000
0.000000
0.000000
0.000000
0.000000
0.000000
0.000000
0.000000
0.000000
0.000000
0.000000
0.000000
0.000000
0.000000
0.000000
0.000000
0.000000
0.000000
0.000000
0.000000
0.000000
1.342265
2.738007
4.177468
5.650167
7.136573
8.627644
10.111992
11.561964
12.978435
14.355684
14.458262
14.580715
14.723491
14.887338
15.072057
15.263786
15.493547
15.724220
15.938052
16.122884
16.293500
16.427410
16.524644
16.580240
16.631058
16.655736
16.623878
16.592292
16.563866
16.552238
16.549613
16.564126
16.596074
16.636327
16.664668
16.710238
16.775296
16.848950
16.925277
16.993224
17.046534
17.110441
17.185717
17.266696
17.336795
17.390116
17.440609
17.493993
17.547346
17.608597
17.679598
17.742354
17.806704
17.866908
17.935920
18.009775
18.077375
18.139222
18.197584
18.249792
18.301058
18.346328
18.375664
18.416245
18.460385
18.504760
18.546538
18.588257
18.637955
18.687590
18.734083
18.780275
18.854454
18.932984
19.049770
19.227673
19.445041
19.682402
19.907990
20.122199
20.345399
20.576010
20.793164
21.001304
21.177346
21.326599
21.478233
21.638677
21.822930
22.018225
22.162022
22.213287
22.208950
22.206860
22.189126
22.121690
21.947713
21.734188
21.497189
21.249157
21.046938
20.924083
20.837880
20.752825
20.647292
20.569725
20.571434
20.598706
20.646098
20.712664
20.765654
20.813091
20.855171
20.881250
20.936032
20.995733
21.055399
21.115839
21.171807
21.226356
21.280737
21.331989
21.379692
21.440045
21.505407
21.579236
21.665214
21.744710
21.842517
21.964839
22.085459
22.163334
22.209837
22.255191
22.263918
22.208312
22.144982
22.088684
22.003175
21.901737
21.811499
21.760759
21.726440
21.671617
21.650208
21.676630
21.686677
21.695334
21.721203
21.754327
21.808313
21.869269
21.932976
22.000896
22.045817
22.075602
22.100654
22.113163
22.121896
22.119592
22.082049
22.042067
22.018806
21.998856
21.990145
21.987098
21.986859
21.989556
22.007182
22.017856
22.047462
22.076804
22.106394
22.144414
22.191181
22.243820
22.321811
22.392134
22.441452
22.490266
22.535351
22.573277
22.601388
22.619956
22.632320
22.638726
22.618767
22.604627
22.593634
22.588305
22.585765
22.591331
22.596843
22.599437
22.596789
22.588572
22.582816
22.582491
22.582139
22.584666
22.584620
22.584815
22.585346
22.591544
22.600701
22.618056
22.638187
22.655861
22.690516
22.726015
22.761660
22.786249
22.813087
22.831005
22.848319
22.862176
22.866918
22.868182
22.847861
22.822107
22.804700
22.795417
22.778052
22.768793
22.759900
22.751478
22.740287
22.729086
22.723022
22.719386
22.718956
22.721795
22.724671
22.724983
22.719953
22.715100
22.718103
22.720822
22.720394
22.722372
22.733354
22.728472
22.714930
22.709349
22.711876
22.720097
22.728477
22.720074
22.719527
22.716035
22.694135
22.682878
22.681512
22.668919
22.642346
22.610416
22.581724
22.571881
22.556781
22.547853
22.542262
22.542775
22.549461
22.570429
22.583037
22.603466
22.637677
22.677921
22.715748
22.745482
22.775044
22.793092
22.827240
22.862414
22.888076
22.896076
22.892819
22.884181
22.883739
22.888809
22.910858
22.921660
22.922489
22.944821
23.028862
23.139143
23.225781
23.287236
23.322424
23.360945
23.395746
23.458201
23.510625
23.507404
23.444182
23.351417
23.215675
23.087078
22.962511
22.824826
22.667917
22.501833
22.344567
22.223590
22.206392
22.259715
22.416146
22.582365
22.730688
22.841672
22.931595
23.007325
23.017381
22.993831
22.875837
22.679498
22.423927
22.155979
21.908213
21.693989
21.475191
21.266864
21.114228
20.988373
20.892929
20.815903
20.754050
20.695229
20.641694
20.582698
20.540881
20.506183
20.459923
20.420373
20.420323
20.508034
20.724269
21.020341
21.384933
21.779354
22.189361
22.572959
22.890640
23.103719
23.204810
23.199153
23.035202
22.775272
22.429012
22.011142
21.531296
21.034350
20.584843
20.235477
19.921630
19.605756
19.314952
19.091690
18.901281
18.757786
18.683445
18.606481
18.505167
18.346428
18.174439
18.014333
17.879480
17.737065
17.664437
17.616367
17.561944
17.555477
17.604248
17.682246
17.779747
17.874580
17.920381
17.940638
17.891918
17.817191
17.729697
17.619001
17.494583
17.364974
17.230665
17.108471
17.027880
16.954522
16.883173
16.832167
16.779058
16.745013
16.714032
16.691028
16.675532
16.648364
16.596027
16.534989
16.465000
16.391889
14.791813
13.134186
11.436817
9.718460
7.995952
6.293919
4.633636
3.019927
1.474665
0.000000
0.000000
0.000000
0.000000
0.000000
0.000000
0.000000
0.000000
0.000000
0.000000
0.000000
0.000000
0.000000
0.000000
0.000000
0.000000
0.000000
0.000000
0.000000
0.000000
0.000000
0.000000
0.000000
0.000000
0.000000
0.000000
0.000000
0.000000
0.000000
0.000000
0.000000
0.000000
0.000000
0.000000
0.000000
0.000000
0.000000
0.000000
0.000000
0.000000
0.000000
0.000000
0.000000
0.000000
0.000000
0.000000
0.000000
0.000000
0.000000
0.000000
0.000000
0.000000
0.000000
0.000000
0.000000
0.000000
0.000000
0.000000
0.000000
0.000000
0.000000
0.000000
0.000000
0.000000
0.000000
0.000000
0.000000
0.000000
0.000000
0.000000
0.000000
0.000000
0.000000
0.000000
0.000000
0.000000
0.000000
0.000000
0.000000
0.000000
0.000000
0.000000
0.000000
0.000000
0.000000
0.000000
0.000000
0.000000
0.000000
0.000000
0.000000
0.000000
0.000000
0.000000
0.000000
0.000000
0.000000
0.000000
0.000000
0.000000
0.000000
0.000000
0.000000
1.342265
2.737955
4.177441
5.650192
7.136287
8.627305
10.111656
11.561632
12.978110
14.355474
14.458370
14.581167
14.724221
14.888354
15.073439
15.265636
15.495709
15.726476
15.940278
16.124752
16.294938
16.428409
16.525280
16.580525
16.630955
16.655188
16.623006
16.591306
16.562873
16.551460
16.549017
16.563708
16.595578
16.635727
16.663933
16.709390
16.774465
16.848088
16.924333
16.992174
17.045588
17.109481
17.184977
17.266128
17.336471
17.389879
17.440382
17.493797
17.547353
17.608753
17.679809
17.742722
17.807136
17.867406
17.936462
18.010506
18.078189
18.140082
18.198256
18.250315
18.301328
18.346343
18.375558
18.416211
18.460408
18.504799
18.546679
18.588554
18.638611
18.688525
18.735287
18.781685
18.856043
18.934579
19.051525
19.229617
19.447204
19.684785
19.910630
20.125044
20.347995
20.578462
20.795412
21.003466
21.179429
21.328715
21.480478
21.641095
21.825238
22.020454
22.164473
22.215629
22.211262
22.208976
22.190962
22.123041
21.948620
21.734592
21.497334
21.249076
21.046814
20.924192
20.838022
20.752998
20.647575
20.570348
20.572227
20.599799
20.647316
20.714130
20.767261
20.814814
20.856924
20.883096
20.937837
20.997317
21.056838
21.117116
21.173104
21.227681
21.282226
21.333525
21.381296
21.441582
21.506894
21.580790
21.666805
21.746390
21.844295
21.966541
22.086859
22.164297
22.210530
22.255731
22.264454
22.208798
22.145188
22.088620
22.002832
21.901331
21.811137
21.760609
21.726394
21.671590
21.650076
21.676369
21.686483
21.695052
21.720832
21.753796
21.807754
21.868740
21.932400
22.000375
22.045273
22.075061
22.100062
22.112566
22.121319
22.119006
22.081407
22.041349
22.018034
21.997981
21.989240
21.986140
21.985896
21.988641
22.006241
22.016942
22.046553
22.075903
22.105524
22.143650
22.190471
22.243137
22.321153
22.391371
22.440657
22.489415
22.534391
22.572233
22.600336
22.618824
22.631189
22.637625
22.617699
22.603667
22.592734
22.587464
22.585031
22.590677
22.596268
22.598913
22.596213
22.587968
22.582183
22.581803
22.581448
22.583999
22.583900
22.584095
22.584603
22.590831
22.600017
22.617347
22.637451
22.655172
22.690011
22.725651
22.761488
22.786143
22.813045
22.831026
22.848345
22.862221
22.866973
22.868191
22.847597
22.821598
22.804107
22.794795
22.777457
22.768210
22.759352
22.750991
22.739912
22.728824
22.722919
22.719437
22.718983
22.721820
22.724513
22.724638
22.719568
22.714648
22.717537
22.720146
22.719612
22.721515
22.732319
22.727256
22.713654
22.708033
22.710523
22.718686
22.727168
22.718877
22.718319
22.714794
22.693035
22.681967
22.680759
22.668241
22.641742
22.609909
22.581169
22.571230
22.556210
22.547360
22.541900
22.542525
22.549194
22.570267
22.582851
22.603308
22.637836
22.678508
22.716748
22.746901
22.776812
22.795109
22.829806
22.865367
22.891349
22.899571
22.896280
22.887633
22.887317
22.892628
22.915270
22.926495
22.927288
22.949255
23.032977
23.143250
23.229999
23.291435
23.326590
23.364966
23.399513
23.462024
23.514795
23.512182
23.449542
23.357018
23.221252
23.092743
22.968055
22.830370
22.673211
22.506832
22.349431
22.228246
22.210969
22.264480
22.421655
22.588885
22.738397
22.850176
22.940756
23.016935
23.027338
23.004166
22.886224
22.689569
22.433105
22.163784
21.914557
21.699078
21.479204
21.269929
21.116359
20.989741
20.893832
20.816516
20.754334
20.695362
20.641784
20.582558
20.540498
20.505725
20.459466
20.419657
20.418855
20.505519
20.719944
21.014771
21.378730
21.773136
22.183086
22.566645
22.884581
23.098589
23.201082
23.197044
23.035624
22.777635
22.432510
22.015429
21.536309
21.039973
20.590880
20.241317
19.927005
19.610577
19.319295
19.095565
18.904715
18.760754
18.686465
18.608811
18.506578
18.348430
18.177690
18.017787
17.881821
17.737872
17.664254
17.615613
17.560681
17.554591
17.603739
17.680740
17.776958
17.871652
17.918555
17.940225
17.892489
17.818300
17.730941
17.620238
17.495763
17.366290
17.231978
17.109793
17.029027
16.955465
16.883761
16.832450
16.779012
16.744615
16.713491
16.690273
16.674640
16.647365
16.595002
16.533944
16.463906
16.390744
14.790797
13.133327
11.436018
9.717774
7.995404
6.293483
4.633263
3.019617
1.474514
0.000000
0.000000
0.000000
0.000000
0.000000
0.000000
0.000000
0.000000
0.000000
0.000000
0.000000
0.000000
0.000000
0.000000
0.000000
0.000000
0.000000
0.000000
0.000000
0.000000
0.000000
0.000000
0.000000
0.000000
0.000000
0.000000
0.000000
0.000000
0.000000
0.000000
0.000000
0.000000
0.000000
0.000000
0.000000
0.000000
0.000000
0.000000
0.000000
0.000000
0.000000
0.000000
0.000000
0.000000
0.000000
0.000000
0.000000
0.000000
0.000000
0.000000
0.000000
0.000000
0.000000
0.000000
0.000000
0.000000
0.000000
0.000000
0.000000
0.000000
0.000000
0.000000
0.000000
0.000000
0.000000
0.000000
0.000000
0.000000
0.000000
0.000000
0.000000
0.000000
0.000000
0.000000
0.000000
0.000000
0.000000
0.000000
0.000000
0.000000
0.000000
0.000000
0.000000
0.000000
0.000000
0.000000
0.000000
0.000000
0.000000
0.000000
0.000000
0.000000
0.000000
0.000000
0.000000
0.000000
0.000000
0.000000
0.000000
0.000000
0.000000
0.000000
0.000000
1.342107
2.737659
4.177136
5.649934
7.135956
8.626890
10.111208
11.561156
12.977609
14.355004
14.458090
14.581054
14.724411
14.888800
15.074296
15.266959
15.497267
15.728181
15.941906
16.126233
16.295923
16.429058
16.525600
16.580489
16.630555
16.654345
16.621856
16.589938
16.561488
16.550140
16.547901
16.562769
16.594539
16.634737
16.662842
16.708327
16.773508
16.847236
16.923508
16.991301
17.044740
17.108558
17.184104
17.265331
17.335670
17.389075
17.439527
17.492895
17.546322
17.607717
17.678820
17.741834
17.806249
17.866448
17.935449
18.009417
18.077363
18.139427
18.197814
18.249932
18.300897
18.345789
18.375029
18.415782
18.460150
18.504656
18.546387
18.588301
18.638531
18.688541
18.735418
18.781869
18.856249
18.934858
19.051826
19.230070
19.448025
19.685967
19.912218
20.126963
20.349817
20.580183
20.797060
21.005083
21.181160
21.330541
21.482373
21.643065
21.827579
22.023240
22.167974
22.219821
22.216048
22.214238
22.196585
22.128858
21.954077
21.739569
21.501525
21.252502
21.049750
20.926691
20.839936
20.754363
20.648330
20.570640
20.572416
20.599909
20.647242
20.714070
20.767120
20.814622
20.856651
20.882716
20.937450
20.996823
21.056188
21.116410
21.172571
21.227227
21.281861
21.333283
21.381224
21.441549
21.506868
21.580818
21.667006
21.746765
21.844827
21.967105
22.087116
22.164243
22.210206
22.255361
22.264113
22.208490
22.144607
22.087823
22.001838
21.900280
21.810301
21.759935
21.725873
21.671094
21.649427
21.675594
21.685800
21.694331
21.720051
21.752960
21.806945
21.867965
21.931687
21.999648
22.044654
22.074443
22.099416
22.111910
22.120574
22.118119
22.080406
22.040239
22.016819
21.996711
21.987895
21.984770
21.984527
21.987299
22.004980
22.015759
22.045373
22.074727
22.104377
22.142531
22.189378
22.242123
22.320242
22.390514
22.439755
22.488569
22.533573
22.571390
22.599490
22.617974
22.630332
22.636711
22.616733
22.602676
22.591769
22.586477
22.584049
22.589722
22.595341
22.598012
22.595286
22.586958
22.581063
22.580623
22.580262
22.582810
22.582660
22.582855
22.583341
22.589549
22.598819
22.616230
22.636385
22.654130
22.689100
22.724826
22.760801
22.785569
22.812558
22.830571
22.847737
22.861501
22.866210
22.867354
22.846538
22.820397
22.802848
22.793461
22.776058
22.766902
22.758159
22.749934
22.738938
22.727930
22.722102
22.718670
22.718190
22.721000
22.723740
22.723817
22.718772
22.713853
22.716742
22.719351
22.718842
22.720772
22.731551
22.726485
22.712829
22.707234
22.709804
22.718101
22.726748
22.718652
22.718083
22.714544
22.692865
22.681819
22.680626
22.668016
22.641425
22.609452
22.580526
22.570434
22.555491
22.546669
22.541268
22.542006
22.548736
22.569999
22.582591
22.603156
22.637947
22.678940
22.717510
22.748075
22.778329
22.796970
22.832032
22.867802
22.893996
22.902233
22.898920
22.890201
22.889870
22.895228
22.917851
22.928986
22.929718
22.951780
23.036012
23.147032
23.234514
23.296667
23.332235
23.370973
23.406003
23.469109
23.522562
23.520386
23.457845
23.365238
23.228735
23.099368
22.974157
22.835782
22.677850
22.510754
22.352505
22.230614
22.213022
22.266440
22.424301
22.592280
22.742247
22.854389
22.945206
23.021368
23.031800
23.008547
22.890311
22.693106
22.435851
22.165910
21.916182
21.700362
21.480251
21.270916
21.117290
20.990798
20.894924
20.817774
20.755702
20.696611
20.642960
20.583386
20.541037
20.505939
20.459404
20.418617
20.416245
20.501029
20.714547
21.008802
21.372516
21.767201
22.177531
22.561466
22.879694
23.094424
23.198550
23.196400
23.036050
22.778889
22.434335
22.017646
21.538713
21.042528
20.593993
20.244969
19.930764
19.614417
19.323088
19.099358
18.908271
18.764013
18.689936
18.612021
18.509782
18.352901
18.182503
18.020817
17.882986
17.738532
17.664897
17.616376
17.561248
17.555317
17.603922
17.679282
17.774831
17.870882
17.919351
17.941250
17.893476
17.819058
17.731563
17.620781
17.496431
17.367070
17.232905
17.110779
17.029894
16.956140
16.884221
16.832818
16.779166
16.744607
16.713246
16.689889
16.674115
16.646698
16.594117
16.532918
16.462663
16.389309
14.789384
13.131995
11.434801
9.716700
7.994477
6.292704
4.632680
3.019179
1.474312
0.000000
0.000000
0.000000
0.000000
0.000000
0.000000
0.000000
0.000000
0.000000
0.000000
0.000000
0.000000
0.000000
0.000000
0.000000
0.000000
0.000000
0.000000
0.000000
0.000000
0.000000
0.000000
0.000000
0.000000
0.000000
0.000000
0.000000
0.000000
0.000000
0.000000
0.000000
0.000000
0.000000
0.000000
0.000000
0.000000
0.000000
0.000000
0.000000
0.000000
0.000000
0.000000
0.000000
0.000000
0.000000
0.000000
0.000000
0.000000
0.000000
0.000000
0.000000
0.000000
0.000000
0.000000
0.000000
0.000000
0.000000
0.000000
0.000000
0.000000
0.000000
0.000000
0.000000
0.000000
0.000000
0.000000
0.000000
0.000000
0.000000
0.000000
0.000000
0.000000
0.000000
0.000000
0.000000
0.000000
0.000000
0.000000
0.000000
0.000000
0.000000
0.000000
0.000000
0.000000
0.000000
0.000000
0.000000
0.000000
0.000000
0.000000
0.000000
0.000000
0.000000
0.000000
0.000000
0.000000
0.000000
0.000000
0.000000
0.000000
0.000000
0.000000
0.000000
1.342054
2.737525
4.176972
5.649686
7.135990
8.626947
10.111211
11.561103
12.977498
14.354703
14.457571
14.580243
14.723510
14.887830
15.073108
15.265557
15.495859
15.726698
15.940432
16.124975
16.294782
16.428006
16.524558
16.579403
16.629672
16.653665
16.621285
16.589551
16.561213
16.549907
16.547787
16.562717
16.594619
16.635014
16.663168
16.708677
16.773779
16.847480
16.923754
16.991551
17.044812
17.108623
17.184054
17.265140
17.335364
17.388684
17.439023
17.492255
17.545470
17.606711
17.677859
17.740794
17.805151
17.865264
17.934130
18.007887
18.076009
18.138207
18.196811
18.249049
18.300166
18.345183
18.374464
18.415219
18.459627
18.504239
18.545825
18.587649
18.637718
18.687619
18.734319
18.780671
18.855050
18.933679
19.050666
19.228903
19.446856
19.684880
19.911242
20.126129
20.349257
20.579823
20.796925
21.005142
21.181330
21.330789
21.482639
21.643271
21.828168
22.024175
22.169116
22.221358
22.217857
22.216527
22.199351
22.132119
21.957345
21.742941
21.504541
21.255179
21.052079
20.928493
20.841359
20.755348
20.648787
20.570479
20.572130
20.599297
20.646406
20.713040
20.765923
20.813335
20.855305
20.881197
20.935966
20.995478
21.054930
21.115209
21.171320
21.225974
21.280601
21.332066
21.380004
21.440455
21.505833
21.579822
21.666079
21.745849
21.844119
21.966531
22.086620
22.163954
22.209918
22.255154
22.263863
22.208245
22.144369
22.087683
22.001698
21.900061
21.810073
21.759552
21.725560
21.670682
21.649067
21.675238
21.685448
21.694006
21.719706
21.752669
21.806731
21.867774
21.931523
21.999511
22.044495
22.074286
22.099259
22.111752
22.120362
22.117903
22.080161
22.039990
22.016545
21.996440
21.987626
21.984504
21.984264
21.987038
22.004768
22.015546
22.045159
22.074511
22.104187
22.142290
22.189138
22.241883
22.320054
22.390407
22.439704
22.488547
22.533581
22.571426
22.599531
22.618093
22.630449
22.636824
22.616842
22.602760
22.591854
22.586590
22.584188
22.589836
22.595429
22.598103
22.595375
22.587042
22.581091
22.580596
22.580233
22.582755
22.582554
22.582748
22.583207
22.589339
22.598607
22.616068
22.636221
22.653964
22.688753
22.724370
22.760286
22.785074
22.812033
22.830043
22.847155
22.860819
22.865584
22.866790
22.846082
22.820047
22.802472
22.793089
22.775765
22.766638
22.757945
22.749793
22.738721
22.727638
22.721807
22.718321
22.717938
22.720694
22.723463
22.723621
22.718530
22.713539
22.716401
22.718981
22.718493
22.720416
22.731323
22.726441
22.712878
22.707383
22.710154
22.718648
22.727382
22.719416
22.718945
22.715523
22.693734
22.682552
22.681249
22.668532
22.641834
22.609756
22.580770
22.570593
22.555594
22.546746
22.541320
22.542031
22.548762
22.570028
22.582650
22.603271
22.638008
22.678941
22.717346
22.747772
22.777936
22.796590
22.831540
22.867175
22.893210
22.901268
22.897978
22.889283
22.888946
22.894168
22.916413
22.927193
22.927961
22.950436
23.035336
23.146916
23.234922
23.297559
23.333398
23.372541
23.408091
23.471529
23.524962
23.522536
23.459478
23.366462
23.229297
23.099321
22.973772
22.835010
22.676796
22.509445
22.350863
22.228599
22.210979
22.264359
22.422147
22.589781
22.739255
22.851024
22.941518
23.017463
23.027781
23.004319
22.885776
22.688368
22.431360
22.161952
21.912930
21.697797
21.478276
21.269507
21.116444
20.990581
20.895096
20.818293
20.756382
20.697312
20.643674
20.583907
20.541387
20.506145
20.459365
20.418104
20.415248
20.499515
20.713936
21.008896
21.372924
21.767921
22.178743
22.563099
22.881370
23.095960
23.200199
23.198136
23.036585
22.778600
22.433639
22.016660
21.537209
21.040559
20.591915
20.243253
19.929317
19.613398
19.322426
19.098771
18.907650
18.763406
18.689204
18.612144
18.511218
18.354458
18.182911
18.020136
17.882239
17.738824
17.665995
17.617982
17.563234
17.556656
17.604332
17.679836
17.776571
17.873553
17.921853
17.942722
17.894160
17.819245
17.731557
17.620709
17.496372
17.366825
17.232580
17.110333
17.029537
16.955874
16.884144
16.832878
16.779389
16.744993
16.713568
16.690288
16.674511
16.647060
16.594343
16.533030
16.462659
16.389243
14.789236
13.131722
11.434555
9.716483
7.994264
6.292523
4.632555
3.019130
1.474313
0.000000
0.000000
0.000000
0.000000
0.000000
0.000000
0.000000
0.000000
0.000000
0.000000
0.000000
0.000000
0.000000
0.000000
0.000000
0.000000
0.000000
0.000000
0.000000
0.000000
0.000000
0.000000
0.000000
0.000000
0.000000
0.000000
0.000000
0.000000
0.000000
0.000000
0.000000
0.000000
0.000000
0.000000
0.000000
0.000000
0.000000
0.000000
0.000000
0.000000
0.000000
0.000000
0.000000
0.000000
0.000000
0.000000
0.000000
0.000000
0.000000
0.000000
0.000000
0.000000
0.000000
0.000000
0.000000
0.000000
0.000000
0.000000
0.000000
0.000000
0.000000
0.000000
0.000000
0.000000
0.000000
0.000000
0.000000
0.000000
0.000000
0.000000
0.000000
0.000000
0.000000
0.000000
0.000000
0.000000
0.000000
0.000000
0.000000
0.000000
0.000000
0.000000
0.000000
0.000000
0.000000
0.000000
0.000000
0.000000
0.000000
0.000000
0.000000
0.000000
0.000000
0.000000
0.000000
0.000000
0.000000
0.000000
0.000000
0.000000
0.000000
0.000000
0.000000
1.342107
2.737686
4.177085
5.649723
