Image forme2bb20 :

23.332116
22.625219
22.383069
22.254236
22.162934
22.085513
22.013266
21.942727
21.872511
21.802133
21.731492
21.660638
21.589663
21.518649
21.447654
21.376709
21.305823
21.234993
21.164209
21.093465
21.022764
20.952119
20.881562
20.811141
20.740922
20.670985
20.601426
20.532349
20.463868
20.396098
20.329159
20.263166
20.198230
20.134456
20.071940
20.010770
19.951021
19.892758


Image formes2p3 :

28.749194
28.014591
27.726867
27.530662
27.352726
27.174229
26.991153
26.804016
26.614563
26.424599
26.235612
26.048686
25.864535
25.683582
25.506028
25.331928
25.161240
24.993867
24.829692
24.668600
24.510490
24.355290
24.202959
24.053489
23.906901
23.763246
23.622594
23.485030
23.350648
23.219546
23.091817
22.967547
22.846815
22.729681
22.616196
22.506390
22.400279
22.297863

Image formes2s40 :

24.046213
23.349046
23.108104
22.976628
22.880397
22.796403
22.716360
22.637207
22.557882
22.478097
22.397857
22.317258
22.236418
22.155442
22.074411
21.993383
21.912392
21.831461
21.750605
21.669841
21.589191
21.508691
21.428391
21.348360
21.268680
21.189450
21.110781
21.032794
20.955615
20.879374
20.804200
20.730217
20.657545
20.586294
20.516565
20.448448
20.382019
20.317345


Image formes2sp17 :

14.723048
14.031388
13.808829
13.706760
13.649712
13.613210
13.587399
13.567717
13.551797
13.538287
13.526356
13.515474
13.505290
13.495570
13.486154
13.476931
13.467822
13.458771
13.449738
13.440691
13.431611
13.422484
13.413300
13.404057
13.394755
13.385400
13.376000
13.366566
13.357112
13.347653
13.338207
13.328790
13.319422
13.310121
13.300904
13.291790
13.282794
13.273933
